-4.346260546963754479e+01 -7.850117050784252370e+00 -4.535741658110238994e+00 -7.850117050784252370e+00 -3.475874347453731872e+01 -2.673560925465532367e+00 -4.535741658110238994e+00 -2.673560925465532367e+00 -4.012301352965504009e+01
-3.216030858170910278e+01 -4.188529199016441495e+00 1.769799393920877539e-01 -4.188529199016441495e+00 -3.935748485017994369e+01 -2.271000584572878900e+00 1.769799393920877539e-01 -2.271000584572878900e+00 -4.152025301485159758e+01
-4.369406457541861499e+01 -1.839558431354741286e+00 -2.104921238543025819e+00 -1.839558431354741286e+00 -4.463538317317638615e+01 6.357556874723613305e+00 -2.104921238543025819e+00 6.357556874723613305e+00 -4.163913612368208561e+01
-3.931945177552306347e+01 -3.149402766275915866e+00 1.570744562949155654e+00 -3.149402766275915866e+00 -4.533385416313598171e+01 -4.067206546911658727e+00 1.570744562949155654e+00 -4.067206546911658727e+00 -2.927935077729485513e+01
-2.788315851067458340e+01 -2.537886618781213244e+00 2.438400854034182164e+00 -2.537886618781213244e+00 -3.237077571512011076e+01 -5.258453378068609574e+00 2.438400854034182164e+00 -5.258453378068609574e+00 -4.393551985851876651e+01
-4.603779925019889419e+01 -5.014261046416804035e+00 2.455227752521299323e+00 -5.014261046416804035e+00 -4.273748990703816020e+01 -2.503792513996494939e+00 2.455227752521299323e+00 -2.503792513996494939e+00 -4.110370992592332584e+01
-4.140532077610436801e+01 -9.028142747415611069e+00 -1.616988783260993268e+00 -9.028142747415611069e+00 -3.657964237489644432e+01 -7.256320317608728310e+00 -1.616988783260993268e+00 -7.256320317608728310e+00 -3.944336867364636845e+01
-4.159268959978164304e+01 -4.186613265030285191e+00 1.209025746531598999e+00 -4.186613265030285191e+00 -3.708612725927424236e+01 9.257055208022535453e+00 1.209025746531598999e+00 9.257055208022535453e+00 -4.756503664138786291e+01
-3.604548949972475924e+01 -1.024286869506130460e+00 -2.141918994834714596e+00 -1.024286869506130460e+00 -2.768687642888779621e+01 4.987104764699970438e+00 -2.141918994834714596e+00 4.987104764699970438e+00 -3.275878209784462314e+01
-4.784531041307710808e+01 -7.212955948381672977e-01 -5.141129196891457420e-01 -7.212955948381672977e-01 -3.669333699168987550e+01 1.629103198154830512e+00 -5.141129196891457420e-01 1.629103198154830512e+00 -3.715097150952622229e+01
-4.046177683887199095e+01 -5.929161175545576423e-01 -1.976863066958957749e+00 -5.929161175545576423e-01 -4.227220355346827318e+01 2.352600332045414078e+00 -1.976863066958957749e+00 2.352600332045414078e+00 -5.105632057218739561e+01
-3.403838799637558310e+01 -1.638718568718897872e+00 -2.794514671026397057e+00 -1.638718568718897872e+00 -3.850738137045878062e+01 -4.104585109958360789e+00 -2.794514671026397057e+00 -4.104585109958360789e+00 -4.371001085828476107e+01
-3.926933998660562963e+01 -5.807933725129546865e+00 -2.987643196873236207e+00 -5.807933725129546865e+00 -4.201701542676548229e+01 -8.279452866638726816e-01 -2.987643196873236207e+00 -8.279452866638726816e-01 -3.731282628061765649e+01
-4.559267185422248758e+01 3.705416329227537275e+00 -6.285929504147970137e-01 3.705416329227537275e+00 -3.214750395457181043e+01 6.236424625996336291e-01 -6.285929504147970137e-01 6.236424625996336291e-01 -3.497073383496837096e+01
-3.498221753867422024e+01 -4.566051495767019297e+00 -9.512909746546600598e-01 -4.566051495767019297e+00 -3.710404897718201767e+01 1.255567472120790562e+00 -9.512909746546600598e-01 1.255567472120790562e+00 -3.556476857236577871e+01
-3.230357522307148344e+01 5.995350149651197391e+00 -7.178802342541483750e-01 5.995350149651197391e+00 -4.121013351373824207e+01 2.178214638671849557e-01 -7.178802342541483750e-01 2.178214638671849557e-01 -4.014911069258449317e+01
-2.731672036280449589e+01 4.666156071490946466e+00 5.202938893314433599e+00 4.666156071490946466e+00 -4.253950609506490821e+01 -6.732473025244574139e+00 5.202938893314433599e+00 -6.732473025244574139e+00 -3.793488601514177105e+01
-3.601188330359489953e+01 -7.791187205446059139e+00 -6.710433834298221711e+00 -7.791187205446059139e+00 -3.939662464446858081e+01 3.513239820268229341e+00 -6.710433834298221711e+00 3.513239820268229341e+00 -3.797238358029941452e+01
-4.838797193918109940e+01 -3.014347270568492387e+00 -4.313053007905550018e+00 -3.014347270568492387e+00 -4.304055258297267983e+01 -2.221198201143892437e+00 -4.313053007905550018e+00 -2.221198201143892437e+00 -4.521222210554275023e+01
-3.841793938387520768e+01 5.592742207914167096e+00 -3.183544471905010442e-01 5.592742207914167096e+00 -3.926229506163789296e+01 6.186753144889385325e+00 -3.183544471905010442e-01 6.186753144889385325e+00 -2.862025758584577062e+01
-4.479362028009519747e+01 -3.211617069876092856e+00 -5.544665355093830739e-01 -3.211617069876092856e+00 -4.008678928708447131e+01 6.322582154317928360e-01 -5.544665355093830739e-01 6.322582154317928360e-01 -3.760397684524694739e+01
-4.413543150468927223e+01 -4.841196276474688531e+00 -2.758944940066004881e-01 -4.841196276474688531e+00 -4.676853171243471508e+01 -1.992119137581648713e+00 -2.758944940066004881e-01 -1.992119137581648713e+00 -3.914532788679356656e+01
-3.944724814246306011e+01 1.593057458750672950e+00 4.319241117674503805e+00 1.593057458750672950e+00 -3.391219815793329673e+01 -2.762038994950482440e+00 4.319241117674503805e+00 -2.762038994950482440e+00 -3.349503625802812934e+01
-3.071110087466442451e+01 -9.070935906510146918e-01 -4.124137156786036318e-01 -9.070935906510146918e-01 -4.542251073578734832e+01 -5.411382990839434193e+00 -4.124137156786036318e-01 -5.411382990839434193e+00 -3.901725781499840906e+01
-4.607803386390818901e+01 3.415217781485778037e+00 -5.189682058155559857e-02 3.415217781485778037e+00 -4.308302443636767975e+01 -6.874049836631588306e+00 -5.189682058155559857e-02 -6.874049836631588306e+00 -4.812725021431953110e+01
-4.721757427786108963e+01 -5.641283168967174966e+00 3.198074629650958567e+00 -5.641283168967174966e+00 -3.442364543033735202e+01 -8.565295937120029901e-01 3.198074629650958567e+00 -8.565295937120029901e-01 -3.629220467612852019e+01
-3.796679048108516241e+01 1.718640386427158884e+00 -1.452396963617907932e+00 1.718640386427158884e+00 -3.370252833866560138e+01 9.647620136132294411e-01 -1.452396963617907932e+00 9.647620136132294411e-01 -2.987589645923312887e+01
-4.078654549984224076e+01 2.193482609505634340e+00 -2.052024800229562018e+00 2.193482609505634340e+00 -3.534584038886683999e+01 -1.198613061824224335e+00 -2.052024800229562018e+00 -1.198613061824224335e+00 -4.279508692873380937e+01
-3.711281943275839978e+01 3.833438800178322836e+00 2.846423391819047133e+00 3.833438800178322836e+00 -3.618030699121030125e+01 3.447205548906832728e+00 2.846423391819047133e+00 3.447205548906832728e+00 -3.961223266907225593e+01
-4.452246207010406209e+01 -6.675756619169890271e+00 -3.909790554558341569e+00 -6.675756619169890271e+00 -4.129173326121077992e+01 -3.746900465101717925e-01 -3.909790554558341569e+00 -3.746900465101717925e-01 -4.124283529382494606e+01
-4.520217832737929342e+01 -3.197134512974521670e+00 1.094605216861418651e+00 -3.197134512974521670e+00 -4.720742339779778973e+01 -8.969070099544286245e-01 1.094605216861418651e+00 -8.969070099544286245e-01 -3.249596593583049042e+01
-3.310766058649160470e+01 -1.168005718890089695e-01 -3.703666998196698756e+00 -1.168005718890089695e-01 -4.797743845685537423e+01 -1.714380110855455941e+00 -3.703666998196698756e+00 -1.714380110855455941e+00 -4.517723548492597274e+01
-5.642287546783519758e+01 -6.291213197873768870e+00 -3.934209787723521451e-02 -6.291213197873768870e+00 -4.178342618319855717e+01 -3.865140962533118341e+00 -3.934209787723521451e-02 -3.865140962533118341e+00 -3.994119020434763456e+01
-4.405667590766822883e+01 -7.170472194775584507e-01 3.569230313466170035e+00 -7.170472194775584507e-01 -4.253657864313574777e+01 -3.419573258746233968e+00 3.569230313466170035e+00 -3.419573258746233968e+00 -3.546349777595462882e+01
-2.499948745813087214e+01 -2.788100457246654784e+00 6.033645028952148159e-01 -2.788100457246654784e+00 -3.763204944321802969e+01 3.267214856107926835e+00 6.033645028952148159e-01 3.267214856107926835e+00 -3.719063491310300407e+01
-3.441501777729410350e+01 -7.316249780678829584e-02 -2.984691944521888907e-01 -7.316249780678829584e-02 -2.968800402626770918e+01 1.578194095094088700e+00 -2.984691944521888907e-01 1.578194095094088700e+00 -3.400937528172806879e+01
-3.906534656802984529e+01 4.271937778575287115e-01 -4.989044499108316044e-01 4.271937778575287115e-01 -4.504006175164379755e+01 5.443870567126444016e+00 -4.989044499108316044e-01 5.443870567126444016e+00 -4.799242082262289699e+01
-4.793826296193345371e+01 -5.497005009661790176e+00 -2.736108434976345816e+00 -5.497005009661790176e+00 -4.737804862446559895e+01 -4.756871380661594761e-01 -2.736108434976345816e+00 -4.756871380661594761e-01 -4.700121653995847737e+01
-3.644838304652805050e+01 -1.750354448993048928e+00 3.809674078623320526e+00 -1.750354448993048928e+00 -3.543166471127779715e+01 -1.304751044572881824e+00 3.809674078623320526e+00 -1.304751044572881824e+00 -2.432434088191578780e+01
-4.391458738720417188e+01 5.439277085644104837e+00 -4.569526357406509476e+00 5.439277085644104837e+00 -4.287091507382567812e+01 -5.903218715360345481e-01 -4.569526357406509476e+00 -5.903218715360345481e-01 -3.042480559616154778e+01
-3.024485060399592129e+01 1.224853027286808560e+00 -1.006594825672468652e+01 1.224853027286808560e+00 -4.931529588869215530e+01 8.608684106769274536e+00 -1.006594825672468652e+01 8.608684106769274536e+00 -4.886513470342293175e+01
-4.119666247477967147e+01 -4.539145118483163266e+00 1.377889741957481595e+00 -4.539145118483163266e+00 -4.230417942067823844e+01 6.902479440935495036e-01 1.377889741957481595e+00 6.902479440935495036e-01 -4.060799473258572334e+01
-4.184103510510530555e+01 2.826300134858851898e+00 8.166924470532515912e+00 2.826300134858851898e+00 -4.015707193380647766e+01 -1.123141923065172493e-01 8.166924470532515912e+00 -1.123141923065172493e-01 -4.593633805041023521e+01
-4.068851156084869558e+01 -2.023761798880973295e+00 1.345437866303754948e+00 -2.023761798880973295e+00 -3.539097788954691737e+01 -2.083155752451839149e+00 1.345437866303754948e+00 -2.083155752451839149e+00 -3.277688231891881543e+01
-3.748453442649503842e+01 -4.674569520734505268e+00 4.660182165521686848e+00 -4.674569520734505268e+00 -4.283647586291923659e+01 -1.065175994825604100e+00 4.660182165521686848e+00 -1.065175994825604100e+00 -3.862933473375154847e+01
-4.106336821031418083e+01 -7.348059044933473061e+00 1.305619759982753925e+00 -7.348059044933473061e+00 -4.190207128780716062e+01 2.650772021220249575e-01 1.305619759982753925e+00 2.650772021220249575e-01 -2.932952206726776012e+01
-4.084622505847936935e+01 -5.281420785480303692e+00 -2.768822115274143236e-01 -5.281420785480303692e+00 -5.086062160074422422e+01 8.331908997141706408e+00 -2.768822115274143236e-01 8.331908997141706408e+00 -3.091178603455604446e+01
-4.051652971011614568e+01 2.204978213422576161e+00 2.116833349848262547e+00 2.204978213422576161e+00 -4.546071041339954633e+01 4.736950427290000931e+00 2.116833349848262547e+00 4.736950427290000931e+00 -3.407630206892152103e+01
-3.567880829528094466e+01 -1.488799709354889922e+00 1.585203319428538649e+00 -1.488799709354889922e+00 -4.681820319354166315e+01 -3.775163466450306426e+00 1.585203319428538649e+00 -3.775163466450306426e+00 -4.577146062570088958e+01
-3.256296412429050946e+01 -3.723802155367987421e+00 7.835027583116880301e+00 -3.723802155367987421e+00 -3.550113814364539877e+01 1.277630463489330737e+00 7.835027583116880301e+00 1.277630463489330737e+00 -2.600442458439792759e+01
-4.051711282045975793e+01 -1.042898799657369313e+00 7.846308983234126622e+00 -1.042898799657369313e+00 -4.118334613856532656e+01 -1.773512259782250355e+00 7.846308983234126622e+00 -1.773512259782250355e+00 -4.376137216936707830e+01
-3.897533337131375220e+01 -3.155578975833775779e+00 4.835531775993877068e-01 -3.155578975833775779e+00 -4.134998479451660813e+01 -3.481989865935011697e+00 4.835531775993877068e-01 -3.481989865935011697e+00 -4.286845173012918764e+01
-3.823787728980973100e+01 -2.672787411744413297e-02 -1.916195790801019205e+00 -2.672787411744413297e-02 -3.993080132006244298e+01 7.338622177535818469e-01 -1.916195790801019205e+00 7.338622177535818469e-01 -3.668459033653568468e+01
-4.133013524241157199e+01 -5.282265700467988490e-01 -5.315098382876726646e+00 -5.282265700467988490e-01 -4.619445362904217944e+01 -4.639094991462866524e+00 -5.315098382876726646e+00 -4.639094991462866524e+00 -4.351558520942866437e+01
-4.768416965465132051e+01 -5.087137939157332589e+00 1.492215069938908956e+00 -5.087137939157332589e+00 -4.448657103344412889e+01 -4.135085350992647735e-01 1.492215069938908956e+00 -4.135085350992647735e-01 -4.690763327991414400e+01
-4.184123740869390673e+01 9.656902300785725757e-01 1.145990328365926070e+00 9.656902300785725757e-01 -4.601053586658220951e+01 -4.359047323784410732e-01 1.145990328365926070e+00 -4.359047323784410732e-01 -4.268862764028560974e+01
-3.944749804689603678e+01 -2.046241297637808820e+00 4.286027628510751697e+00 -2.046241297637808820e+00 -3.336056387266432210e+01 2.776652454174088902e+00 4.286027628510751697e+00 2.776652454174088902e+00 -3.608002391231995887e+01
-4.023210276475504799e+01 -3.225016707568097107e+00 -4.440563769779286574e-01 -3.225016707568097107e+00 -3.826499787089328208e+01 -1.490001630675398481e+00 -4.440563769779286574e-01 -1.490001630675398481e+00 -3.613977487222364715e+01
-2.991033567013957750e+01 -3.988248646302023026e+00 -3.348981206535780686e+00 -3.988248646302023026e+00 -4.017445814221501621e+01 7.351974214383446338e+00 -3.348981206535780686e+00 7.351974214383446338e+00 -3.421605814801112899e+01
-4.984746142861111906e+01 -4.340268790677852984e+00 1.025881497792745511e+00 -4.340268790677852984e+00 -4.515028150679773944e+01 5.421652873013679930e+00 1.025881497792745511e+00 5.421652873013679930e+00 -4.507078809668886521e+01
-4.051374506072011172e+01 8.581004215764298948e+00 4.414300003894513935e+00 8.581004215764298948e+00 -4.099957117863848310e+01 -1.823171840678106781e+00 4.414300003894513935e+00 -1.823171840678106781e+00 -3.486577397311803139e+01
-4.167314692698914058e+01 -4.161563320677115208e+00 -1.956489905565785836e+00 -4.161563320677115208e+00 -3.166061871786606119e+01 1.852029852581402458e-01 -1.956489905565785836e+00 1.852029852581402458e-01 -3.625520691983683719e+01
-4.260257721386386009e+01 -9.563366641585764327e-01 -6.077556807889533452e+00 -9.563366641585764327e-01 -2.485023501058813622e+01 -1.032617017272030147e+00 -6.077556807889533452e+00 -1.032617017272030147e+00 -3.947766508201969060e+01
-4.375768310392790283e+01 -9.928346115843116326e-01 2.670954779235915399e+00 -9.928346115843116326e-01 -4.550358687397174151e+01 -1.975934850493614725e+00 2.670954779235915399e+00 -1.975934850493614725e+00 -3.787507555418260807e+01
-4.762770315300961954e+01 1.018919874302671946e+00 -7.006403984420640718e+00 1.018919874302671946e+00 -3.520302595552603009e+01 1.829002944114236806e+00 -7.006403984420640718e+00 1.829002944114236806e+00 -4.751954213437495866e+01
-4.397550456779508465e+01 3.806151616139453964e+00 -2.815637545718499890e+00 3.806151616139453964e+00 -4.574074618086690691e+01 -3.330809584195024708e+00 -2.815637545718499890e+00 -3.330809584195024708e+00 -3.993002780634132876e+01
-3.794072901878899273e+01 3.425261559649233956e+00 -4.105108719246502780e+00 3.425261559649233956e+00 -4.250316285038339714e+01 6.244885676084271253e+00 -4.105108719246502780e+00 6.244885676084271253e+00 -3.967799323557849078e+01
-3.234766550517528572e+01 -5.099680761650559724e+00 -5.971573527885100319e+00 -5.099680761650559724e+00 -3.486404844250938595e+01 -5.610473522444439087e-01 -5.971573527885100319e+00 -5.610473522444439087e-01 -4.052607367941364913e+01
-4.557679697262290119e+01 -2.785196805739683867e+00 -9.908187158249639026e+00 -2.785196805739683867e+00 -3.955173199586963051e+01 1.388564231308927699e+00 -9.908187158249639026e+00 1.388564231308927699e+00 -4.116951809327392908e+01
-4.905912004446854979e+01 5.366959502825000783e+00 1.876496686590959584e+00 5.366959502825000783e+00 -4.183321666641645464e+01 -4.242449055484001974e+00 1.876496686590959584e+00 -4.242449055484001974e+00 -4.395470299880252441e+01
-3.961170905978411128e+01 -2.425025016764365660e+00 1.981480348863484897e+00 -2.425025016764365660e+00 -5.063454139037770574e+01 6.414570786075650677e-01 1.981480348863484897e+00 6.414570786075650677e-01 -3.963960315458878370e+01
-3.900253725387495507e+01 -8.429133721780850408e+00 -3.233918065466516278e+00 -8.429133721780850408e+00 -3.985058199707683713e+01 -5.325487267161914673e+00 -3.233918065466516278e+00 -5.325487267161914673e+00 -3.319042655465135994e+01
-4.342553631207928788e+01 -4.940574939321873416e+00 -1.020990511033052828e+00 -4.940574939321873416e+00 -4.852626429230613070e+01 -4.630312635675389643e+00 -1.020990511033052828e+00 -4.630312635675389643e+00 -3.632234791082998271e+01
-3.182250918959077168e+01 -1.837559195890925423e+00 5.645341140950276282e-01 -1.837559195890925423e+00 -4.602616084374881922e+01 6.743373618606809394e-01 5.645341140950276282e-01 6.743373618606809394e-01 -4.652777854178911809e+01
-4.033398047193200142e+01 1.550359501344889535e-01 -1.514373262996202341e+00 1.550359501344889535e-01 -4.530192589677039905e+01 -3.212854691829883702e+00 -1.514373262996202341e+00 -3.212854691829883702e+00 -4.587339783393331061e+01
-4.694667787251403013e+01 -5.952069081901800729e+00 1.475626175673674240e-03 -5.952069081901800729e+00 -3.299205003571201189e+01 -1.300859675545096961e+00 1.475626175673674240e-03 -1.300859675545096961e+00 -3.757233418394762481e+01
-3.776201164857716464e+01 1.241073015008124836e+00 2.665647285087927379e-03 1.241073015008124836e+00 -3.481774472114206986e+01 7.455946358712969513e+00 2.665647285087927379e-03 7.455946358712969513e+00 -3.046406439256112009e+01
-3.850310919467597870e+01 -3.187150235866536008e+00 5.066681476286502672e+00 -3.187150235866536008e+00 -4.517033336249137676e+01 -1.447970085090886982e+00 5.066681476286502672e+00 -1.447970085090886982e+00 -4.301169457106938410e+01
-5.033398965898404498e+01 3.919560627866632174e+00 -2.735572925477109507e+00 3.919560627866632174e+00 -4.954610048286304647e+01 -5.083972483006291121e+00 -2.735572925477109507e+00 -5.083972483006291121e+00 -4.119904251699850306e+01
-3.590937488522995835e+01 4.899792915902247081e+00 -7.305575291327384591e+00 4.899792915902247081e+00 -3.828819138231576602e+01 1.072873051361295538e+01 -7.305575291327384591e+00 1.072873051361295538e+01 -4.029019959531665052e+01
-4.739775537403750150e+01 -1.025735125196287534e+01 2.469591307311929551e+00 -1.025735125196287534e+01 -3.801724737612433103e+01 -1.813104262092462449e+00 2.469591307311929551e+00 -1.813104262092462449e+00 -3.625493321498166921e+01
-4.306378179502844716e+01 -4.047428396073193824e+00 5.845895398519860287e+00 -4.047428396073193824e+00 -3.584751758796260646e+01 4.751444884402665991e+00 5.845895398519860287e+00 4.751444884402665991e+00 -4.023564902766109697e+01
-4.997287775333229121e+01 -3.217828980067235278e+00 -1.807963370899792643e+00 -3.217828980067235278e+00 -3.515865006835597484e+01 -2.541504282953832572e+00 -1.807963370899792643e+00 -2.541504282953832572e+00 -4.342253745888356775e+01
-4.399694874818673185e+01 -2.451895693414939181e+00 -2.583785732971321192e+00 -2.451895693414939181e+00 -3.516712301865500478e+01 2.447575916787765760e+00 -2.583785732971321192e+00 2.447575916787765760e+00 -4.056270252916142027e+01
-3.977144559330078266e+01 -6.343645527954561159e-01 -3.816730903802146635e+00 -6.343645527954561159e-01 -3.963373635051937072e+01 -4.004075927057233031e+00 -3.816730903802146635e+00 -4.004075927057233031e+00 -3.319700737138642666e+01
-4.633482851910869016e+01 -1.629329302165619220e+00 -7.721332966323442015e-01 -1.629329302165619220e+00 -4.127877393132925476e+01 -4.850823547249850876e+00 -7.721332966323442015e-01 -4.850823547249850876e+00 -4.792218577674526614e+01
-3.629406110905920713e+01 8.781998781144366717e-01 -4.217541913663962028e+00 8.781998781144366717e-01 -4.352929425260911245e+01 7.035047792524241617e-01 -4.217541913663962028e+00 7.035047792524241617e-01 -3.958864645068366883e+01
-3.611171417446366405e+01 -5.285573959152159773e+00 -2.123342765316758030e+00 -5.285573959152159773e+00 -4.025676000214210148e+01 -3.080798049318183907e+00 -2.123342765316758030e+00 -3.080798049318183907e+00 -4.233779751701919025e+01
-4.057493594616619248e+01 2.262587135329320098e+00 1.014839291918490716e+01 2.262587135329320098e+00 -4.268499807590188766e+01 3.296358473077482198e+00 1.014839291918490716e+01 3.296358473077482198e+00 -3.668084177004102742e+01
-4.171041838813599867e+01 2.333464792606033011e+00 -2.913254977323751493e+00 2.333464792606033011e+00 -3.898720978198570464e+01 -9.176490778915191715e-01 -2.913254977323751493e+00 -9.176490778915191715e-01 -4.153166531729088007e+01
-3.646193738696427999e+01 6.055910323909288628e+00 -5.445536596679623892e-02 6.055910323909288628e+00 -3.566578946434395192e+01 6.898314367052543750e-01 -5.445536596679623892e-02 6.898314367052543750e-01 -3.293697585876832079e+01
-3.893712179349045499e+01 -2.058796020342129385e+00 1.749699937382870996e+00 -2.058796020342129385e+00 -4.034627338999224833e+01 -2.260337995432527336e+00 1.749699937382870996e+00 -2.260337995432527336e+00 -3.896995447589920047e+01
-4.051820763988042273e+01 -9.329646495696804820e+00 -1.889218012250598155e+00 -9.329646495696804820e+00 -4.266869478670291471e+01 -1.734836573726286746e+00 -1.889218012250598155e+00 -1.734836573726286746e+00 -4.118960564960084270e+01
-4.496155605905573793e+01 -2.903711008026248930e+00 4.399781746359660239e+00 -2.903711008026248930e+00 -4.265490244204480774e+01 -1.001593166949600544e+00 4.399781746359660239e+00 -1.001593166949600544e+00 -4.999715418396433364e+01
-4.715914424138885153e+01 2.986488876397104253e+00 5.191800295730316428e+00 2.986488876397104253e+00 -3.276626733062283847e+01 1.627175363957579446e+00 5.191800295730316428e+00 1.627175363957579446e+00 -4.601377272399982132e+01
-3.354750428874220347e+01 -6.160358476682577411e+00 -4.123423144120388212e-02 -6.160358476682577411e+00 -3.927106551721428218e+01 -3.032875899242072126e+00 -4.123423144120388212e-02 -3.032875899242072126e+00 -3.503617309577506234e+01
-4.265981722922668240e+01 -1.152559244889892698e+00 3.805604206429123337e+00 -1.152559244889892698e+00 -3.875009807593491473e+01 -2.852980408131919443e+00 3.805604206429123337e+00 -2.852980408131919443e+00 -3.745561691353627509e+01
-4.287646057219555473e+01 -1.569007132129410786e+00 4.055151633073292849e+00 -1.569007132129410786e+00 -4.641941521956584893e+01 4.411765258931461986e+00 4.055151633073292849e+00 4.411765258931461986e+00 -4.009688066609230361e+01
-4.311410778774558139e+01 -3.197515319729534067e+00 2.663671850046299916e+00 -3.197515319729534067e+00 -3.555197584543957845e+01 -2.663790852157241762e+00 2.663671850046299916e+00 -2.663790852157241762e+00 -3.175081041774856416e+01
-3.832207128330078660e+01 -6.537499966678141927e-01 -9.961666706906716073e-02 -6.537499966678141927e-01 -4.337825677340225639e+01 3.825394257478682558e+00 -9.961666706906716073e-02 3.825394257478682558e+00 -2.966683355073123352e+01
